#ID  stellarM_bestfit  stellarM_median  stellarM_CL68min  stellarM_CL68max  EWhb_bestfit  EWhb_median  EWhb_CL68min  EWhb_CL68max  EWoiii4959_bestfit  EWoiii4959_median  EWoiii4959_CL68min  EWoiii4959_CL68max  EWoiii5007_bestfit  EWoiii5007_median  EWoiii5007_CL68min  EWoiii5007_CL68max
 1.0374e+04  4.888e+08  7.543e+08  2.844e+08  2.306e+09  3.364e+02  2.197e+02  1.049e+02  4.626e+02  5.885e+00  3.132e+01  4.760e+00  1.529e+02  1.818e+01  9.705e+01  1.475e+01  4.730e+02
 1.0375e+04  2.243e+08  5.383e+08  2.611e+08  2.027e+09  5.524e+02  3.032e+02  1.305e+02  5.463e+02  1.329e+02  1.808e+01  5.249e+00  9.826e+01  4.067e+02  5.566e+01  1.625e+01  3.018e+02
 1.0381e+04  7.440e+08  7.444e+08  7.417e+08  8.922e+08  5.780e+02  5.603e+02  5.522e+02  5.806e+02  2.073e+01  1.827e+01  1.689e+01  2.073e+01  6.349e+01  5.596e+01  5.180e+01  6.348e+01
 1.0382e+04  3.869e+08  3.309e+09  5.874e+08  6.160e+09  5.500e+02  1.093e+02  6.559e+01  2.994e+02  5.764e+02  1.317e+02  4.414e+01  3.320e+02  1.711e+03  4.098e+02  1.378e+02  1.027e+03
 1.0383e+04  7.811e+08  1.234e+09  6.289e+08  2.855e+09  5.634e+02  2.167e+02  1.272e+02  4.059e+02  5.481e+02  4.138e+02  2.951e+02  6.161e+02  1.687e+03  1.276e+03  9.148e+02  1.883e+03
 1.0384e+04  7.249e+08  1.388e+09  8.069e+08  4.638e+09  5.706e+02  2.924e+02  1.523e+02  5.138e+02  1.491e+02  1.718e+01  5.051e+00  9.661e+01  4.574e+02  5.294e+01  1.566e+01  2.967e+02
 1.0391e+04  1.278e+08  7.304e+08  1.798e+08  1.725e+09  3.857e+02  1.551e+02  8.467e+01  3.311e+02  3.805e+02  1.682e+02  4.911e+01  3.489e+02  1.173e+03  5.216e+02  1.519e+02  1.078e+03
 1.0392e+04  4.207e+08  6.430e+08  3.271e+08  2.593e+09  5.621e+02  3.001e+02  1.062e+02  5.520e+02  2.020e+01  1.808e+01  4.856e+00  1.007e+02  6.193e+01  5.566e+01  1.506e+01  3.099e+02
 1.0393e+04  1.056e+08  2.305e+08  1.204e+08  4.098e+08  4.466e+02  2.394e+02  1.643e+02  4.466e+02  1.657e+02  1.858e+02  1.778e+01  3.117e+02  5.082e+02  5.739e+02  5.465e+01  9.660e+02
 2.0433e+04  1.725e+09  1.335e+09  3.185e+08  2.745e+09  5.099e+01  1.219e+02  6.765e+01  2.765e+02  1.278e+02  1.644e+02  7.800e+01  3.250e+02  3.971e+02  5.100e+02  2.425e+02  1.005e+03
 2.0440e+04  1.326e+09  3.652e+08  1.185e+08  1.039e+09  9.834e+01  2.055e+02  1.044e+02  4.348e+02  1.387e+01  5.487e+01  5.001e+00  2.171e+02  4.275e+01  1.695e+02  1.550e+01  6.720e+02
 2.0443e+04  5.456e+07  9.572e+07  6.032e+07  2.310e+08  5.643e+02  3.560e+02  2.143e+02  5.713e+02  1.616e+01  1.283e+01  6.230e+00  6.729e+01  4.944e+01  3.936e+01  1.924e+01  2.073e+02
 2.0447e+04  8.048e+07  2.827e+08  9.097e+07  9.458e+08  2.905e+02  1.780e+02  9.398e+01  3.464e+02  6.041e+02  2.646e+02  1.112e+02  5.036e+02  1.868e+03  8.188e+02  3.445e+02  1.553e+03
 2.0449e+04  6.596e+09  3.603e+09  8.254e+08  6.523e+09  1.003e+02  1.443e+02  8.691e+01  3.138e+02  2.125e+00  2.047e+01  2.621e+00  1.258e+02  6.617e+00  6.343e+01  8.161e+00  3.906e+02
 2.0457e+04  2.952e+08  3.165e+08  2.152e+08  4.494e+08  5.621e+02  5.438e+02  4.296e+02  5.829e+02  2.020e+01  1.893e+01  1.308e+01  1.092e+02  6.193e+01  5.803e+01  4.019e+01  3.353e+02
 2.0461e+04  2.381e+09  1.106e+09  2.921e+08  2.084e+09  9.730e+01  1.589e+02  8.923e+01  3.344e+02  8.783e+00  3.377e+01  3.401e+00  1.304e+02  2.707e+01  1.044e+02  1.055e+01  4.030e+02
 2.0462e+04  2.378e+08  4.014e+08  1.697e+08  1.362e+09  5.971e+02  2.619e+02  1.268e+02  4.991e+02  1.363e+01  1.668e+01  4.548e+00  8.632e+01  4.168e+01  5.144e+01  1.407e+01  2.655e+02
 2.0463e+04  2.369e+08  3.503e+08  2.082e+08  1.030e+09  4.338e+02  3.487e+02  1.942e+02  5.618e+02  8.181e+01  1.610e+01  6.225e+00  9.593e+01  2.514e+02  4.938e+01  1.929e+01  2.947e+02
 2.0467e+04  4.474e+08  4.729e+08  3.651e+08  6.052e+08  5.780e+02  5.578e+02  4.475e+02  5.989e+02  2.073e+01  1.998e+01  1.336e+01  1.282e+02  6.349e+01  6.124e+01  4.096e+01  3.930e+02
 2.0468e+04  7.597e+08  8.404e+08  7.306e+08  1.146e+09  5.969e+02  5.454e+02  4.347e+02  5.899e+02  1.772e+02  1.200e+02  1.852e+01  1.707e+02  5.339e+02  3.681e+02  5.657e+01  5.202e+02
 2.0471e+04  7.583e+07  1.194e+08  7.036e+07  2.991e+08  5.941e+02  4.442e+02  2.164e+02  5.884e+02  2.126e+01  1.681e+01  7.356e+00  8.847e+01  6.505e+01  5.141e+01  2.269e+01  2.714e+02
 2.0475e+04  4.381e+08  5.108e+08  3.725e+08  7.464e+08  5.621e+02  5.049e+02  3.060e+02  5.780e+02  2.020e+01  1.883e+01  1.013e+01  1.224e+02  6.193e+01  5.773e+01  3.122e+01  3.754e+02
 2.0478e+04  9.812e+08  1.275e+09  5.376e+08  2.570e+09  1.246e+02  1.570e+02  1.002e+02  2.865e+02  3.415e+02  3.347e+02  2.412e+02  4.681e+02  1.066e+03  1.035e+03  7.486e+02  1.441e+03
 2.0479e+04  1.434e+08  3.722e+08  1.894e+08  1.515e+09  5.786e+02  2.984e+02  1.235e+02  5.530e+02  1.645e+02  1.729e+01  4.837e+00  9.402e+01  5.050e+02  5.314e+01  1.501e+01  2.895e+02
 2.0480e+04  1.184e+08  2.074e+08  7.907e+07  7.146e+08  2.087e+02  2.128e+02  1.114e+02  4.193e+02  4.019e+02  1.550e+02  1.071e+01  4.106e+02  1.249e+03  4.806e+02  3.293e+01  1.267e+03
 2.0481e+04  3.416e+08  3.575e+08  2.122e+08  6.593e+08  1.899e+02  2.087e+02  1.503e+02  3.562e+02  3.766e+02  3.805e+02  2.830e+02  5.005e+02  1.167e+03  1.177e+03  8.727e+02  1.548e+03
 2.0482e+04  4.018e+08  3.261e+08  2.537e+08  4.509e+08  2.542e+02  3.131e+02  2.167e+02  4.409e+02  7.601e+02  7.566e+02  5.701e+02  9.492e+02  2.363e+03  2.329e+03  1.752e+03  2.927e+03
 2.0483e+04  3.758e+09  1.585e+09  4.024e+08  3.313e+09  2.621e+01  1.299e+02  7.282e+01  3.211e+02  5.999e+01  9.541e+01  9.841e+00  2.415e+02  1.878e+02  2.963e+02  3.033e+01  7.484e+02
 2.0484e+04  1.076e+08  3.009e+08  1.227e+08  9.401e+08  5.170e+02  1.896e+02  1.074e+02  3.264e+02  6.103e+02  3.492e+02  1.975e+02  5.486e+02  1.872e+03  1.081e+03  6.139e+02  1.692e+03
 3.0368e+05  1.123e+09  1.294e+09  4.591e+08  2.278e+09  1.052e+02  1.104e+02  6.879e+01  2.184e+02  2.405e+02  2.117e+02  1.388e+02  3.315e+02  7.512e+02  6.580e+02  4.317e+02  1.026e+03
 3.0369e+05  8.262e+07  1.226e+08  7.493e+07  2.865e+08  2.342e+02  2.521e+02  1.494e+02  4.579e+02  5.090e+02  3.818e+02  2.196e+02  5.792e+02  1.543e+03  1.178e+03  6.798e+02  1.773e+03
 3.0369e+05  4.589e+07  8.623e+07  5.109e+07  2.273e+08  5.711e+02  2.943e+02  1.758e+02  5.375e+02  1.750e+01  1.669e+01  5.639e+00  9.682e+01  5.355e+01  5.124e+01  1.737e+01  2.976e+02
 3.0370e+05  2.367e+07  3.505e+07  2.417e+07  7.903e+07  5.005e+02  3.374e+02  2.119e+02  5.557e+02  8.366e+00  4.447e+01  6.990e+00  2.068e+02  2.565e+01  1.372e+02  2.154e+01  6.409e+02
 3.0370e+05  3.984e+07  5.257e+07  3.195e+07  1.347e+08  2.668e+02  2.861e+02  1.768e+02  5.185e+02  1.894e+02  4.454e+01  6.519e+00  1.808e+02  5.843e+02  1.377e+02  2.012e+01  5.569e+02
 3.0373e+05  8.829e+08  6.601e+08  2.049e+08  1.570e+09  1.500e+02  1.440e+02  7.852e+01  3.172e+02  3.190e+01  6.841e+01  4.736e+00  2.377e+02  9.922e+01  2.122e+02  1.470e+01  7.370e+02
 3.0376e+05  2.064e+07  2.735e+07  2.002e+07  5.802e+07  3.694e+02  3.518e+02  2.247e+02  5.743e+02  6.420e+00  1.386e+01  6.378e+00  8.361e+01  1.977e+01  4.249e+01  1.965e+01  2.561e+02
 3.0378e+05  3.994e+07  4.023e+07  2.339e+07  1.116e+08  2.377e+02  2.762e+02  1.680e+02  5.048e+02  5.654e+01  4.476e+01  6.331e+00  2.068e+02  1.748e+02  1.383e+02  1.952e+01  6.406e+02
 3.0379e+05  1.474e+09  8.312e+08  2.954e+08  1.436e+09  8.043e+01  1.264e+02  8.115e+01  2.517e+02  1.743e+00  2.108e+01  2.726e+00  1.141e+02  5.435e+00  6.537e+01  8.467e+00  3.539e+02
 3.0379e+05  2.180e+10  2.179e+10  2.074e+10  2.201e+10  5.337e+01  5.420e+01  5.319e+01  5.785e+01  9.805e+00  9.881e+00  1.304e+00  1.184e+01  3.070e+01  3.096e+01  4.087e+00  3.712e+01
 3.0381e+05  5.399e+07  9.405e+07  4.221e+07  2.874e+08  1.867e+02  2.440e+02  1.305e+02  4.677e+02  3.841e+02  1.134e+02  8.665e+00  3.643e+02  1.191e+03  3.499e+02  2.668e+01  1.125e+03
 3.0383e+05  3.924e+09  2.581e+09  1.725e+09  3.358e+09  5.914e+01  8.995e+01  6.099e+01  1.338e+02  1.250e+00  1.315e+01  1.787e+00  6.644e+01  3.906e+00  4.099e+01  5.548e+00  2.067e+02
 3.0384e+05  7.093e+08  5.303e+08  1.328e+08  1.181e+09  5.182e+01  1.366e+02  8.126e+01  2.941e+02  1.298e+02  1.244e+02  1.486e+01  2.947e+02  4.030e+02  3.861e+02  4.607e+01  9.109e+02
 3.0385e+05  3.995e+07  9.357e+07  4.736e+07  2.739e+08  5.711e+02  3.126e+02  1.701e+02  5.479e+02  1.750e+01  1.434e+01  5.348e+00  8.604e+01  5.355e+01  4.393e+01  1.653e+01  2.641e+02
 3.0385e+05  7.533e+07  1.136e+08  4.562e+07  3.587e+08  5.323e+02  2.487e+02  1.235e+02  4.886e+02  1.545e+01  9.915e+01  8.406e+00  3.603e+02  4.736e+01  3.058e+02  2.587e+01  1.113e+03
 3.0385e+05  2.531e+08  3.330e+08  1.597e+08  1.166e+09  5.950e+02  2.654e+02  1.248e+02  5.135e+02  1.148e+01  1.527e+01  4.549e+00  8.481e+01  3.506e+01  4.712e+01  1.407e+01  2.610e+02
 3.0385e+05  2.482e+07  3.551e+07  2.514e+07  7.904e+07  5.005e+02  3.409e+02  2.159e+02  5.584e+02  8.366e+00  4.274e+01  6.981e+00  1.915e+02  2.565e+01  1.314e+02  2.152e+01  5.921e+02
 3.0385e+05  5.317e+07  7.431e+07  3.235e+07  1.828e+08  2.967e+02  2.277e+02  1.380e+02  3.836e+02  2.847e+00  5.787e+01  5.099e+00  2.539e+02  8.754e+00  1.781e+02  1.578e+01  7.825e+02
 3.0386e+05  4.747e+07  8.954e+07  5.529e+07  2.333e+08  4.705e+02  3.327e+02  1.905e+02  5.589e+02  1.145e+01  1.238e+01  5.644e+00  7.011e+01  3.500e+01  3.800e+01  1.739e+01  2.159e+02
 3.0386e+05  6.040e+08  9.339e+08  3.779e+08  3.002e+09  5.710e+02  2.063e+02  8.110e+01  4.643e+02  2.214e+02  2.088e+02  1.143e+02  3.719e+02  6.768e+02  6.466e+02  3.550e+02  1.143e+03
 3.0386e+05  8.133e+07  1.094e+08  4.344e+07  3.638e+08  1.111e+02  2.112e+02  1.106e+02  4.150e+02  2.933e+02  1.754e+02  1.208e+01  4.288e+02  9.064e+02  5.429e+02  3.719e+01  1.323e+03
 3.0386e+05  7.948e+08  2.904e+08  7.233e+07  7.881e+08  7.834e+01  1.688e+02  8.865e+01  3.805e+02  7.351e+01  8.471e+01  6.605e+00  2.731e+02  2.283e+02  2.618e+02  2.040e+01  8.446e+02
 3.0386e+05  1.572e+08  2.160e+08  8.818e+07  6.087e+08  1.949e+02  2.225e+02  1.337e+02  3.573e+02  2.736e+02  6.585e+01  5.482e+00  2.681e+02  8.505e+02  2.036e+02  1.691e+01  8.283e+02
 3.0387e+05  5.848e+07  2.678e+08  7.629e+07  9.583e+08  2.905e+02  1.761e+02  9.156e+01  3.396e+02  6.041e+02  1.676e+02  1.610e+01  4.474e+02  1.868e+03  5.198e+02  4.993e+01  1.381e+03
 3.0387e+05  2.583e+08  3.155e+08  1.040e+08  9.411e+08  2.418e+02  1.926e+02  8.747e+01  4.364e+02  5.912e+00  5.346e+01  5.362e+00  1.985e+02  1.830e+01  1.653e+02  1.657e+01  6.154e+02
 3.0387e+05  1.133e+09  7.684e+08  1.875e+08  1.951e+09  1.404e+02  1.233e+02  6.954e+01  3.156e+02  1.507e+02  1.692e+02  5.181e+01  4.442e+02  4.696e+02  5.268e+02  1.611e+02  1.372e+03
 3.0387e+05  1.171e+10  4.332e+09  7.058e+08  1.169e+10  6.588e+01  1.242e+02  6.370e+01  3.436e+02  1.417e+02  2.674e+02  1.253e+02  7.695e+02  4.429e+02  8.314e+02  3.907e+02  2.361e+03
 3.0388e+05  2.749e+07  5.236e+07  2.397e+07  1.620e+08  5.536e+02  2.782e+02  1.389e+02  5.284e+02  1.587e+01  4.448e+01  6.387e+00  2.280e+02  4.860e+01  1.373e+02  1.973e+01  7.039e+02
 3.0388e+05  2.318e+08  5.368e+08  2.516e+08  2.026e+09  5.868e+02  2.480e+02  1.002e+02  4.951e+02  1.744e+02  2.324e+01  3.959e+00  1.054e+02  5.260e+02  7.214e+01  1.226e+01  3.242e+02
 3.0388e+05  1.058e+08  1.620e+08  7.705e+07  3.368e+08  1.899e+02  2.007e+02  1.333e+02  3.087e+02  3.766e+02  2.984e+02  1.816e+02  4.226e+02  1.167e+03  9.220e+02  5.613e+02  1.304e+03
 3.0388e+05  1.944e+07  2.653e+07  1.905e+07  5.863e+07  3.694e+02  3.507e+02  2.225e+02  5.746e+02  6.420e+00  1.458e+01  6.364e+00  8.780e+01  1.977e+01  4.460e+01  1.958e+01  2.691e+02
 3.0389e+05  3.121e+09  2.509e+09  1.723e+09  3.138e+09  6.114e+01  9.284e+01  6.425e+01  1.361e+02  1.282e+00  2.849e+00  1.457e+00  1.811e+01  4.002e+00  8.852e+00  4.526e+00  5.643e+01
 3.0389e+05  2.349e+07  5.124e+07  2.874e+07  1.785e+08  5.454e+02  2.764e+02  1.389e+02  4.742e+02  1.208e+03  4.614e+02  1.787e+02  8.454e+02  3.655e+03  1.424e+03  5.538e+02  2.596e+03
 3.0389e+05  5.427e+07  7.142e+07  3.046e+07  1.729e+08  1.949e+02  2.180e+02  1.333e+02  3.493e+02  2.736e+02  1.553e+02  6.466e+00  3.616e+02  8.505e+02  4.815e+02  1.994e+01  1.116e+03
 3.0389e+05  3.600e+07  4.280e+07  2.203e+07  1.221e+08  2.708e+02  2.708e+02  1.517e+02  4.994e+02  7.497e+01  5.202e+01  6.393e+00  2.351e+02  2.316e+02  1.603e+02  1.974e+01  7.261e+02
 3.0389e+05  8.914e+08  9.217e+08  6.108e+08  1.705e+09  1.382e+02  1.388e+02  1.015e+02  2.133e+02  3.775e+02  3.741e+02  2.765e+02  4.934e+02  1.178e+03  1.161e+03  8.596e+02  1.525e+03
 3.0390e+05  1.415e+07  3.110e+07  1.747e+07  8.598e+07  5.716e+02  2.793e+02  1.641e+02  5.176e+02  6.799e+01  5.372e+01  6.697e+00  2.321e+02  2.079e+02  1.660e+02  2.067e+01  7.169e+02
 3.0390e+05  9.127e+08  3.754e+08  1.163e+08  8.241e+08  9.718e+01  1.618e+02  8.991e+01  3.357e+02  8.561e-01  2.966e+01  3.457e+00  1.554e+02  2.633e+00  9.201e+01  1.072e+01  4.812e+02
 3.0391e+05  4.513e+09  2.429e+09  5.899e+08  4.010e+09  6.859e+01  7.874e+01  5.434e+01  1.695e+02  1.606e+01  7.130e+01  9.240e+00  1.656e+02  5.032e+01  2.223e+02  2.875e+01  5.135e+02
 3.0391e+05  3.814e+07  1.264e+08  4.160e+07  4.628e+08  3.769e+02  2.034e+02  9.653e+01  4.246e+02  5.141e+02  1.680e+02  1.552e+01  4.828e+02  1.583e+03  5.202e+02  4.799e+01  1.488e+03
 3.0391e+05  3.131e+08  2.870e+08  9.755e+07  9.988e+08  5.939e+02  2.011e+02  8.788e+01  4.608e+02  6.218e+00  1.392e+02  1.394e+01  4.105e+02  1.905e+01  4.318e+02  4.299e+01  1.265e+03
 3.0391e+05  5.914e+08  3.176e+08  8.860e+07  1.173e+09  6.599e+01  1.672e+02  8.049e+01  3.989e+02  1.707e+02  1.407e+02  1.090e+01  4.167e+02  5.334e+02  4.373e+02  3.351e+01  1.287e+03
 4.0398e+05  5.716e+08  4.199e+08  1.464e+08  1.111e+09  1.965e+02  1.772e+02  8.914e+01  3.524e+02  3.996e+01  1.116e+02  8.785e+00  3.235e+02  1.240e+02  3.457e+02  2.713e+01  1.000e+03
 4.0404e+05  5.574e+07  9.742e+07  3.666e+07  3.463e+08  2.299e+02  2.275e+02  1.189e+02  4.532e+02  5.300e+00  5.208e+01  5.712e+00  2.503e+02  1.638e+01  1.606e+02  1.761e+01  7.725e+02
 4.0404e+05  1.579e+09  1.508e+09  4.940e+08  2.330e+09  1.451e+02  1.276e+02  8.430e+01  2.707e+02  1.342e+00  4.591e+00  1.797e+00  2.034e+01  4.132e+00  1.418e+01  5.569e+00  6.313e+01
 4.0404e+05  1.417e+08  3.905e+08  1.126e+08  1.621e+09  4.032e+02  1.692e+02  8.035e+01  3.730e+02  5.557e+02  2.582e+02  8.468e+01  6.244e+02  1.693e+03  8.010e+02  2.630e+02  1.920e+03
 4.0404e+05  2.439e+07  1.052e+08  4.021e+07  3.807e+08  4.748e+02  2.360e+02  1.195e+02  4.758e+02  1.109e+01  3.758e+01  5.305e+00  1.889e+02  3.393e+01  1.164e+02  1.642e+01  5.843e+02
 4.0409e+05  1.550e+08  4.398e+08  1.253e+08  1.120e+09  5.874e+02  1.705e+02  8.514e+01  4.204e+02  2.479e+02  1.270e+02  1.438e+01  3.177e+02  7.630e+02  3.936e+02  4.446e+01  9.809e+02
 4.0409e+05  1.184e+08  8.669e+08  1.698e+08  2.444e+09  5.915e+02  1.489e+02  7.700e+01  3.317e+02  7.224e+02  1.792e+02  3.795e+01  4.738e+02  2.265e+03  5.569e+02  1.179e+02  1.462e+03
 4.0409e+05  6.180e+07  8.041e+07  4.201e+07  1.848e+08  1.899e+02  2.227e+02  1.436e+02  3.640e+02  3.766e+02  2.779e+02  1.165e+02  4.328e+02  1.167e+03  8.574e+02  3.607e+02  1.334e+03
 4.0409e+05  2.721e+07  4.855e+07  2.914e+07  1.325e+08  6.097e+02  3.130e+02  1.728e+02  5.491e+02  5.620e+01  5.437e+01  6.992e+00  2.435e+02  1.719e+02  1.675e+02  2.154e+01  7.506e+02
 4.0409e+05  9.886e+08  4.219e+08  1.035e+08  9.501e+08  8.362e+01  1.357e+02  7.506e+01  3.736e+02  1.787e+01  6.831e+01  5.779e+00  1.925e+02  5.545e+01  2.120e+02  1.786e+01  5.970e+02
 4.0410e+05  7.622e+07  9.992e+07  4.890e+07  3.081e+08  2.462e+02  2.557e+02  1.276e+02  4.537e+02  7.327e+02  3.730e+02  9.000e+01  7.576e+02  2.218e+03  1.152e+03  2.781e+02  2.326e+03
 4.0410e+05  2.428e+07  8.096e+07  3.120e+07  3.752e+08  5.101e+02  2.061e+02  9.922e+01  4.045e+02  1.174e+03  3.248e+02  1.081e+02  6.984e+02  3.392e+03  1.004e+03  3.351e+02  2.146e+03
 4.0410e+05  4.897e+07  9.317e+07  3.231e+07  3.018e+08  1.912e+02  1.841e+02  1.033e+02  3.256e+02  3.394e+02  1.717e+02  1.096e+01  4.205e+02  1.054e+03  5.320e+02  3.374e+01  1.297e+03
 4.0410e+05  8.576e+07  2.197e+08  8.729e+07  6.402e+08  2.330e+02  1.859e+02  1.085e+02  3.219e+02  5.825e+02  3.342e+02  1.910e+02  5.270e+02  1.758e+03  1.032e+03  5.930e+02  1.623e+03
 4.0410e+05  2.584e+07  9.010e+07  2.801e+07  3.509e+08  6.032e+02  2.132e+02  9.927e+01  4.534e+02  1.877e+01  7.666e+01  6.641e+00  3.140e+02  5.723e+01  2.368e+02  2.052e+01  9.699e+02
 4.0411e+05  6.674e+08  5.586e+08  1.494e+08  1.612e+09  9.981e+01  1.409e+02  7.205e+01  2.988e+02  2.543e+02  2.636e+02  1.349e+02  5.116e+02  7.957e+02  8.181e+02  4.198e+02  1.579e+03
 4.0411e+05  3.481e+07  8.366e+07  3.007e+07  2.844e+08  5.629e+02  2.371e+02  1.130e+02  4.852e+02  5.567e+00  5.316e+01  6.069e+00  2.516e+02  1.699e+01  1.643e+02  1.875e+01  7.781e+02
 4.0411e+05  4.155e+07  1.181e+08  4.246e+07  4.205e+08  2.862e+02  2.229e+02  1.181e+02  4.340e+02  5.025e+00  5.026e+01  5.417e+00  2.464e+02  1.549e+01  1.551e+02  1.674e+01  7.616e+02
 4.0411e+05  6.036e+07  6.903e+07  3.507e+07  1.680e+08  2.304e+02  2.397e+02  1.544e+02  4.242e+02  4.211e+00  1.611e+01  4.579e+00  1.543e+02  1.301e+01  4.961e+01  1.418e+01  4.783e+02
 4.0412e+05  6.697e+07  1.216e+08  7.092e+07  5.158e+08  4.466e+02  2.518e+02  1.266e+02  4.281e+02  9.670e+02  5.232e+02  2.540e+02  8.632e+02  2.941e+03  1.615e+03  7.879e+02  2.654e+03
 5.0152e+04  2.249e+07  5.393e+07  2.081e+07  2.032e+08  6.107e+02  2.572e+02  1.177e+02  5.019e+02  7.089e+00  1.235e+02  9.340e+00  4.623e+02  2.163e+01  3.812e+02  2.872e+01  1.426e+03
 5.0153e+04  2.415e+08  2.463e+08  1.234e+08  6.751e+08  4.438e+02  2.544e+02  1.160e+02  4.836e+02  7.485e+00  2.063e+01  5.273e+00  1.300e+02  2.304e+01  6.360e+01  1.630e+01  4.014e+02
 5.0154e+04  1.394e+07  6.212e+07  1.955e+07  2.575e+08  6.438e+02  2.184e+02  1.040e+02  4.571e+02  2.485e+01  7.111e+01  6.475e+00  3.079e+02  7.589e+01  2.197e+02  2.001e+01  9.501e+02
 5.0155e+04  2.591e+07  5.626e+07  2.064e+07  2.044e+08  6.060e+02  2.473e+02  1.135e+02  4.870e+02  6.255e+00  1.276e+02  9.521e+00  4.654e+02  1.913e+01  3.938e+02  2.930e+01  1.433e+03
 5.0157e+04  6.185e+06  3.737e+07  1.072e+07  1.627e+08  4.133e+02  2.056e+02  8.991e+01  4.404e+02  6.052e+02  1.420e+02  1.158e+01  4.986e+02  1.843e+03  4.402e+02  3.567e+01  1.536e+03
 5.0158e+04  2.404e+07  5.650e+07  1.604e+07  2.471e+08  5.940e+02  1.970e+02  8.822e+01  4.284e+02  6.140e+00  1.309e+02  1.048e+01  4.515e+02  1.879e+01  4.055e+02  3.226e+01  1.393e+03
 5.0159e+04  8.927e+06  4.012e+07  1.305e+07  1.647e+08  6.438e+02  2.235e+02  1.049e+02  4.624e+02  2.485e+01  1.110e+02  8.369e+00  4.164e+02  7.589e+01  3.436e+02  2.578e+01  1.286e+03
 5.0161e+04  2.035e+07  7.308e+07  2.775e+07  2.511e+08  4.135e+02  2.487e+02  1.160e+02  4.816e+02  5.690e+02  1.552e+02  1.126e+01  5.093e+02  1.732e+03  4.805e+02  3.461e+01  1.568e+03
 5.0164e+04  3.207e+07  9.589e+07  3.622e+07  4.186e+08  4.809e+02  2.159e+02  1.047e+02  4.235e+02  1.485e+03  2.438e+02  3.289e+01  6.356e+02  4.545e+03  7.539e+02  1.018e+02  1.952e+03
 5.0169e+04  1.517e+08  1.970e+08  7.592e+07  6.054e+08  4.227e+02  2.458e+02  1.080e+02  4.850e+02  9.150e+00  4.740e+01  6.102e+00  2.281e+02  2.814e+01  1.466e+02  1.886e+01  7.053e+02
 6.0282e+04  1.031e+07  4.762e+07  1.508e+07  1.885e+08  4.123e+02  2.292e+02  1.020e+02  4.644e+02  6.242e+02  1.629e+02  1.251e+01  5.504e+02  1.920e+03  5.049e+02  3.856e+01  1.694e+03
 6.0283e+04  1.832e+08  2.891e+08  1.399e+08  8.702e+08  1.331e+02  1.824e+02  8.635e+01  3.742e+02  3.576e+02  1.228e+02  8.723e+00  3.667e+02  1.121e+03  3.811e+02  2.688e+01  1.136e+03
 6.0290e+04  6.506e+07  1.200e+08  6.555e+07  2.729e+08  5.896e+02  2.879e+02  1.878e+02  5.160e+02  5.897e+00  1.077e+01  4.980e+00  1.080e+02  1.802e+01  3.299e+01  1.538e+01  3.339e+02
 6.0292e+04  1.415e+07  8.158e+07  2.567e+07  3.316e+08  4.566e+02  1.962e+02  9.726e+01  3.945e+02  4.376e+00  1.218e+02  7.825e+00  4.031e+02  1.341e+01  3.776e+02  2.413e+01  1.243e+03
 6.0293e+04  1.788e+08  3.419e+08  9.043e+07  1.157e+09  2.362e+02  1.685e+02  8.875e+01  3.219e+02  4.940e+02  1.897e+02  2.668e+01  4.650e+02  1.519e+03  5.883e+02  8.260e+01  1.433e+03
 6.0294e+04  5.020e+07  1.025e+08  4.720e+07  3.485e+08  2.177e+02  2.032e+02  1.073e+02  3.798e+02  5.959e+02  3.210e+02  9.870e+01  6.417e+02  1.850e+03  9.924e+02  3.057e+02  1.969e+03
 7.0291e+04  1.773e+08  2.044e+08  1.250e+08  4.905e+08  1.971e+02  1.975e+02  1.152e+02  3.250e+02  5.813e+02  4.738e+02  2.932e+02  7.239e+02  1.798e+03  1.462e+03  9.090e+02  2.223e+03
 7.0304e+04  2.171e+09  9.964e+08  2.519e+08  2.186e+09  6.633e+01  1.386e+02  7.533e+01  3.243e+02  8.808e+01  1.256e+02  1.859e+01  3.135e+02  2.713e+02  3.898e+02  5.784e+01  9.694e+02
 7.0309e+04  4.068e+08  1.038e+09  5.456e+08  4.009e+09  6.142e+02  2.963e+02  1.326e+02  5.220e+02  2.005e+02  1.799e+01  5.030e+00  9.684e+01  6.068e+02  5.566e+01  1.562e+01  2.974e+02
 7.0318e+04  9.543e+07  1.539e+08  9.130e+07  4.491e+08  5.747e+02  3.610e+02  1.899e+02  5.786e+02  1.778e+01  1.624e+01  6.459e+00  8.726e+01  5.443e+01  4.976e+01  1.996e+01  2.676e+02
 7.0322e+04  8.216e+07  1.481e+08  9.129e+07  4.249e+08  3.717e+02  2.594e+02  1.449e+02  4.346e+02  1.013e+03  5.326e+02  2.938e+02  8.584e+02  3.071e+03  1.643e+03  9.104e+02  2.641e+03
 7.0323e+04  1.235e+08  3.501e+08  1.431e+08  1.522e+09  4.029e+02  2.052e+02  9.873e+01  3.985e+02  1.095e+03  3.684e+02  1.480e+02  7.314e+02  3.399e+03  1.139e+03  4.605e+02  2.244e+03
 7.0324e+04  1.462e+09  1.049e+09  3.846e+08  2.008e+09  5.182e+01  9.151e+01  5.305e+01  2.227e+02  1.298e+02  1.669e+02  8.616e+01  2.838e+02  4.030e+02  5.183e+02  2.679e+02  8.795e+02
 8.0618e+04  1.003e+07  1.543e+07  6.384e+06  5.114e+07  2.303e+02  2.500e+02  1.316e+02  4.801e+02  5.300e+00  4.722e+01  5.970e+00  2.347e+02  1.638e+01  1.460e+02  1.843e+01  7.251e+02
 8.0619e+04  5.987e+07  7.959e+07  3.403e+07  2.355e+08  2.506e+02  2.200e+02  1.159e+02  4.400e+02  1.842e+02  8.471e+01  7.336e+00  3.075e+02  5.686e+02  2.611e+02  2.258e+01  9.491e+02
 8.0641e+04  1.950e+07  3.060e+07  1.055e+07  1.122e+08  2.704e+02  2.142e+02  1.057e+02  4.307e+02  4.766e+00  8.447e+01  6.726e+00  3.382e+02  1.472e+01  2.608e+02  2.076e+01  1.045e+03
 8.0647e+04  8.458e+06  2.887e+07  1.131e+07  1.089e+08  3.861e+02  2.212e+02  1.090e+02  4.413e+02  5.529e+02  1.720e+02  1.075e+01  4.851e+02  1.705e+03  5.326e+02  3.304e+01  1.495e+03
 8.0651e+04  9.833e+06  3.118e+07  1.236e+07  1.162e+08  5.454e+02  2.227e+02  1.130e+02  4.415e+02  1.208e+03  1.737e+02  1.311e+01  5.127e+02  3.655e+03  5.369e+02  4.049e+01  1.578e+03
 8.0665e+04  3.699e+07  4.690e+07  1.570e+07  1.624e+08  4.493e+02  2.267e+02  1.024e+02  4.659e+02  7.861e+00  1.172e+02  9.024e+00  4.224e+02  2.417e+01  3.624e+02  2.779e+01  1.304e+03
 8.0667e+04  1.098e+07  1.628e+07  6.773e+06  5.191e+07  2.304e+02  2.374e+02  1.329e+02  4.509e+02  4.211e+00  4.389e+01  5.494e+00  2.290e+02  1.301e+01  1.354e+02  1.696e+01  7.080e+02
 8.0671e+04  1.326e+07  2.466e+07  1.210e+07  7.942e+07  6.140e+02  2.966e+02  1.500e+02  5.400e+02  6.331e+00  5.915e+01  7.124e+00  2.948e+02  1.935e+01  1.823e+02  2.195e+01  9.099e+02
 8.0674e+04  1.157e+09  8.151e+08  2.163e+08  1.531e+09  6.283e+01  1.385e+02  8.269e+01  2.970e+02  1.218e+02  1.360e+02  3.167e+01  2.707e+02  3.766e+02  4.215e+02  9.792e+01  8.366e+02
 8.0675e+04  4.633e+06  2.208e+07  7.032e+06  9.506e+07  5.627e+02  2.225e+02  9.970e+01  4.563e+02  1.320e+03  1.737e+02  1.477e+01  5.751e+02  4.079e+03  5.375e+02  4.553e+01  1.767e+03
 8.0676e+04  7.094e+08  4.318e+08  1.343e+08  8.506e+08  6.239e+01  1.380e+02  7.996e+01  2.713e+02  1.340e+02  1.628e+02  5.971e+01  2.956e+02  4.177e+02  5.060e+02  1.845e+02  9.134e+02
 8.0679e+04  3.004e+07  7.289e+07  3.790e+07  1.909e+08  5.202e+02  2.280e+02  1.372e+02  4.223e+02  4.328e+02  3.033e+02  1.622e+02  4.649e+02  1.330e+03  9.378e+02  5.023e+02  1.430e+03
 8.0680e+04  1.497e+07  4.346e+07  1.980e+07  1.234e+08  4.159e+02  2.356e+02  1.339e+02  4.440e+02  3.029e+02  9.965e+01  6.546e+00  3.419e+02  9.364e+02  3.067e+02  2.014e+01  1.058e+03
 8.0682e+04  4.767e+08  3.190e+08  9.603e+07  7.301e+08  1.177e+02  1.603e+02  8.199e+01  3.300e+02  8.524e+01  7.821e+01  6.083e+00  2.281e+02  2.653e+02  2.421e+02  1.885e+01  7.056e+02
 8.0683e+04  1.400e+07  2.672e+07  9.475e+06  9.788e+07  2.255e+02  2.226e+02  1.153e+02  4.400e+02  6.601e+00  4.773e+01  5.439e+00  2.320e+02  2.039e+01  1.474e+02  1.683e+01  7.174e+02
 8.0684e+04  1.427e+07  3.048e+07  9.928e+06  1.126e+08  1.111e+02  2.120e+02  1.019e+02  4.340e+02  2.933e+02  1.032e+02  7.546e+00  3.799e+02  9.064e+02  3.191e+02  2.330e+01  1.172e+03
 8.0685e+04  8.183e+06  2.279e+07  9.718e+06  7.752e+07  6.187e+02  2.691e+02  1.347e+02  5.101e+02  7.174e+00  6.390e+01  6.835e+00  3.071e+02  2.188e+01  1.972e+02  2.106e+01  9.472e+02
 8.0688e+04  2.393e+07  1.274e+08  3.146e+07  4.670e+08  5.815e+02  1.759e+02  8.593e+01  3.919e+02  6.954e+02  1.306e+02  1.239e+01  4.176e+02  2.158e+03  4.048e+02  3.831e+01  1.289e+03
 8.0689e+04  3.532e+07  7.918e+07  2.307e+07  2.857e+08  2.290e+02  1.833e+02  9.294e+01  3.625e+02  4.054e+02  1.422e+02  1.192e+01  4.162e+02  1.246e+03  4.410e+02  3.676e+01  1.286e+03
 8.0690e+04  3.265e+07  2.676e+07  7.884e+06  1.366e+08  4.056e+02  1.828e+02  7.833e+01  4.077e+02  7.758e+02  1.811e+02  2.198e+01  5.959e+02  2.411e+03  5.626e+02  6.814e+01  1.835e+03
 8.0691e+04  2.077e+07  5.568e+07  2.607e+07  1.489e+08  3.849e+02  2.063e+02  1.272e+02  3.439e+02  3.987e+02  3.298e+02  1.472e+02  5.562e+02  1.223e+03  1.019e+03  4.570e+02  1.715e+03
