#ID  stellarM_bestfit  stellarM_median  stellarM_CL68min  stellarM_CL68max  EWhb_bestfit  EWhb_median  EWhb_CL68min  EWhb_CL68max  EWoiii4959_bestfit  EWoiii4959_median  EWoiii4959_CL68min  EWoiii4959_CL68max  EWoiii5007_bestfit  EWoiii5007_median  EWoiii5007_CL68min  EWoiii5007_CL68max
 1.0374e+04  3.327e+08  7.059e+08  2.386e+08  2.157e+09  5.630e+02  2.417e+02  1.085e+02  4.896e+02  9.014e+00  4.215e+01  5.493e+00  1.809e+02  2.759e+01  1.303e+02  1.698e+01  5.584e+02
 1.0375e+04  1.792e+08  5.130e+08  2.477e+08  2.109e+09  5.988e+02  3.146e+02  1.450e+02  5.701e+02  1.700e+02  1.964e+01  5.845e+00  1.049e+02  5.215e+02  6.045e+01  1.809e+01  3.215e+02
 1.0381e+04  6.675e+08  6.678e+08  6.657e+08  6.811e+08  6.014e+02  6.038e+02  5.993e+02  6.193e+02  1.859e+01  1.875e+01  1.817e+01  2.215e+01  5.689e+01  5.734e+01  5.556e+01  6.771e+01
 1.0382e+04  2.775e+08  2.871e+09  3.772e+08  5.689e+09  6.234e+02  1.276e+02  7.393e+01  3.764e+02  7.444e+02  1.709e+02  7.807e+01  4.428e+02  2.310e+03  5.311e+02  2.429e+02  1.362e+03
 1.0383e+04  5.270e+08  1.280e+09  5.297e+08  3.568e+09  3.496e+02  2.211e+02  1.225e+02  4.296e+02  6.271e+02  4.290e+02  2.866e+02  6.709e+02  1.930e+03  1.320e+03  8.882e+02  2.055e+03
 1.0384e+04  6.447e+08  1.808e+09  7.599e+08  5.706e+09  6.552e+02  2.680e+02  1.246e+02  5.367e+02  1.688e+02  2.116e+01  4.355e+00  9.385e+01  5.177e+02  6.548e+01  1.348e+01  2.892e+02
 1.0391e+04  1.047e+09  6.982e+08  1.685e+08  1.644e+09  1.496e+02  1.557e+02  8.455e+01  3.522e+02  1.587e+02  1.845e+02  6.947e+01  3.848e+02  4.906e+02  5.719e+02  2.159e+02  1.189e+03
 1.0392e+04  2.961e+08  4.235e+08  2.700e+08  2.285e+09  6.292e+02  3.715e+02  1.388e+02  6.110e+02  2.251e+01  2.147e+01  6.614e+00  1.171e+02  6.881e+01  6.613e+01  2.041e+01  3.593e+02
 1.0393e+04  2.431e+08  2.079e+08  1.128e+08  3.994e+08  1.949e+02  2.342e+02  1.544e+02  4.405e+02  2.736e+02  2.328e+02  6.097e+01  3.472e+02  8.505e+02  7.134e+02  1.870e+02  1.073e+03
 2.0433e+04  1.756e+09  1.363e+09  2.875e+08  2.802e+09  5.424e+01  1.315e+02  6.894e+01  3.117e+02  1.358e+02  1.685e+02  7.861e+01  3.472e+02  4.214e+02  5.226e+02  2.440e+02  1.071e+03
 2.0440e+04  6.786e+07  3.465e+08  9.666e+07  9.770e+08  5.494e+02  1.936e+02  1.016e+02  4.201e+02  5.157e+02  6.773e+01  5.489e+00  2.505e+02  1.564e+03  2.097e+02  1.697e+01  7.730e+02
 2.0443e+04  5.356e+07  8.491e+07  5.188e+07  2.512e+08  5.643e+02  3.690e+02  2.179e+02  5.839e+02  1.616e+01  1.423e+01  6.525e+00  7.539e+01  4.944e+01  4.360e+01  2.008e+01  2.313e+02
 2.0447e+04  6.586e+07  2.387e+08  8.085e+07  8.424e+08  5.161e+02  1.932e+02  9.633e+01  3.831e+02  8.412e+02  3.005e+02  1.288e+02  5.712e+02  2.590e+03  9.284e+02  3.996e+02  1.755e+03
 2.0449e+04  6.180e+09  4.059e+09  7.806e+08  6.768e+09  1.206e+02  1.475e+02  9.099e+01  3.154e+02  2.381e+00  2.236e+01  2.617e+00  1.707e+02  7.394e+00  6.933e+01  8.111e+00  5.279e+02
 2.0457e+04  2.090e+08  2.242e+08  1.930e+08  2.997e+08  6.292e+02  6.119e+02  5.149e+02  6.498e+02  2.251e+01  2.128e+01  1.533e+01  1.280e+02  6.881e+01  6.508e+01  4.695e+01  3.910e+02
 2.0461e+04  2.381e+09  1.175e+09  2.674e+08  2.038e+09  6.082e+01  1.505e+02  8.838e+01  3.528e+02  3.956e+01  4.820e+01  3.784e+00  1.831e+02  1.230e+02  1.488e+02  1.174e+01  5.653e+02
 2.0462e+04  2.165e+08  3.893e+08  1.699e+08  1.396e+09  6.412e+02  2.829e+02  1.321e+02  5.223e+02  1.258e+01  1.733e+01  4.567e+00  8.918e+01  3.843e+01  5.334e+01  1.411e+01  2.743e+02
 2.0463e+04  2.407e+08  3.122e+08  1.701e+08  9.092e+08  3.983e+02  3.859e+02  2.077e+02  6.006e+02  1.251e+01  1.775e+01  7.165e+00  1.037e+02  3.839e+01  5.432e+01  2.211e+01  3.172e+02
 2.0467e+04  2.712e+08  3.841e+08  2.788e+08  4.429e+08  5.988e+02  5.522e+02  3.919e+02  6.287e+02  1.700e+02  2.165e+01  1.251e+01  1.390e+02  5.215e+02  6.626e+01  3.843e+01  4.249e+02
 2.0468e+04  6.669e+08  8.592e+08  6.572e+08  9.701e+08  6.202e+02  5.570e+02  3.849e+02  6.306e+02  1.593e+02  1.142e+02  1.548e+01  1.796e+02  4.897e+02  3.491e+02  4.743e+01  5.508e+02
 2.0471e+04  8.826e+07  1.202e+08  6.985e+07  2.956e+08  5.908e+02  4.430e+02  2.253e+02  6.076e+02  1.826e+01  1.750e+01  7.531e+00  9.438e+01  5.589e+01  5.355e+01  2.321e+01  2.903e+02
 2.0475e+04  2.106e+08  3.494e+08  2.877e+08  6.118e+08  6.086e+02  5.350e+02  3.133e+02  6.359e+02  1.728e+02  2.229e+01  1.082e+01  1.386e+02  5.300e+02  6.810e+01  3.326e+01  4.269e+02
 2.0478e+04  2.424e+09  1.485e+09  4.863e+08  3.529e+09  1.118e+02  1.506e+02  9.601e+01  3.066e+02  2.512e+02  3.178e+02  2.108e+02  4.920e+02  7.774e+02  9.837e+02  6.525e+02  1.517e+03
 2.0479e+04  1.341e+08  2.927e+08  1.473e+08  1.300e+09  5.759e+02  3.138e+02  1.387e+02  5.712e+02  1.353e+02  1.873e+01  5.576e+00  1.003e+02  4.135e+02  5.774e+01  1.728e+01  3.085e+02
 2.0480e+04  1.187e+08  1.834e+08  7.057e+07  7.099e+08  2.087e+02  2.109e+02  1.098e+02  4.074e+02  4.019e+02  1.759e+02  1.381e+01  4.396e+02  1.249e+03  5.445e+02  4.246e+01  1.355e+03
 2.0481e+04  3.423e+08  3.555e+08  2.093e+08  6.642e+08  1.899e+02  2.076e+02  1.488e+02  3.496e+02  3.766e+02  3.848e+02  2.881e+02  5.062e+02  1.167e+03  1.191e+03  8.926e+02  1.563e+03
 2.0482e+04  3.293e+08  3.098e+08  2.376e+08  4.329e+08  3.392e+02  3.181e+02  2.347e+02  4.412e+02  9.105e+02  8.133e+02  5.879e+02  1.011e+03  2.830e+03  2.493e+03  1.802e+03  3.112e+03
 2.0483e+04  1.906e+09  1.453e+09  2.987e+08  3.132e+09  1.632e+02  1.489e+02  7.989e+01  3.713e+02  9.659e+01  1.178e+02  1.496e+01  3.036e+02  2.978e+02  3.650e+02  4.634e+01  9.357e+02
 2.0484e+04  1.055e+08  2.761e+08  1.134e+08  9.737e+08  5.846e+02  1.981e+02  1.065e+02  3.499e+02  6.544e+02  3.694e+02  1.965e+02  5.912e+02  2.040e+03  1.142e+03  6.100e+02  1.812e+03
 3.0368e+05  1.089e+09  1.377e+09  4.460e+08  2.293e+09  1.193e+02  1.149e+02  6.754e+01  2.239e+02  2.445e+02  2.186e+02  1.407e+02  3.586e+02  7.656e+02  6.789e+02  4.370e+02  1.106e+03
 3.0369e+05  1.171e+08  1.339e+08  7.373e+07  3.025e+08  1.846e+02  2.057e+02  1.279e+02  3.436e+02  4.543e+02  3.953e+02  2.612e+02  5.761e+02  1.403e+03  1.220e+03  8.095e+02  1.762e+03
 3.0369e+05  8.921e+07  8.129e+07  4.082e+07  2.235e+08  2.304e+02  2.702e+02  1.666e+02  4.644e+02  4.211e+00  1.869e+01  4.959e+00  1.219e+02  1.301e+01  5.749e+01  1.528e+01  3.747e+02
 3.0370e+05  2.845e+07  5.951e+07  2.906e+07  1.532e+08  4.650e+02  2.349e+02  1.432e+02  4.223e+02  4.521e+00  7.055e+01  5.624e+00  2.797e+02  1.382e+01  2.177e+02  1.732e+01  8.646e+02
 3.0373e+05  6.081e+08  4.669e+08  1.116e+08  1.408e+09  1.945e+02  1.797e+02  9.135e+01  4.000e+02  4.109e+01  6.650e+01  5.532e+00  2.403e+02  1.272e+02  2.053e+02  1.713e+01  7.431e+02
 3.0376e+05  2.763e+07  3.634e+07  1.922e+07  6.671e+07  2.862e+02  2.794e+02  1.899e+02  4.665e+02  5.025e+00  8.710e+00  4.824e+00  5.821e+01  1.549e+01  2.675e+01  1.491e+01  1.793e+02
 3.0378e+05  4.186e+07  4.262e+07  2.194e+07  1.145e+08  2.304e+02  2.361e+02  1.456e+02  3.962e+02  4.211e+00  5.171e+01  5.374e+00  2.569e+02  1.301e+01  1.595e+02  1.663e+01  7.905e+02
 3.0379e+05  4.441e+08  4.146e+08  1.196e+08  1.136e+09  1.865e+02  2.068e+02  1.021e+02  4.228e+02  3.755e+01  3.315e+01  4.467e+00  1.299e+02  1.163e+02  1.025e+02  1.382e+01  3.996e+02
 3.0379e+05  1.563e+10  1.517e+10  1.438e+10  1.569e+10  7.103e+01  7.534e+01  7.062e+01  9.061e+01  1.318e+01  1.581e+01  1.311e+01  2.342e+01  4.109e+01  4.932e+01  4.089e+01  7.269e+01
 3.0381e+05  8.706e+07  9.640e+07  3.982e+07  2.955e+08  1.504e+02  2.128e+02  1.177e+02  3.835e+02  3.095e+02  1.898e+02  1.423e+01  4.220e+02  9.641e+02  5.880e+02  4.364e+01  1.303e+03
 3.0383e+05  3.289e+09  1.861e+09  5.585e+08  2.966e+09  6.686e+01  1.387e+02  8.785e+01  2.994e+02  1.230e+01  2.241e+01  2.779e+00  8.358e+01  3.838e+01  6.947e+01  8.653e+00  2.582e+02
 3.0384e+05  9.224e+08  5.042e+08  1.216e+08  1.127e+09  3.938e+01  1.456e+02  7.998e+01  3.255e+02  9.571e+01  1.427e+02  2.124e+01  3.324e+02  2.981e+02  4.429e+02  6.582e+01  1.024e+03
 3.0385e+05  3.519e+07  7.953e+07  4.165e+07  2.857e+08  4.666e+02  3.006e+02  1.697e+02  5.510e+02  1.055e+01  1.497e+01  5.379e+00  9.212e+01  3.233e+01  4.576e+01  1.667e+01  2.827e+02
 3.0385e+05  6.137e+07  1.058e+08  3.886e+07  3.792e+08  2.064e+02  2.091e+02  1.094e+02  3.980e+02  3.920e+02  1.723e+02  1.182e+01  4.334e+02  1.213e+03  5.341e+02  3.634e+01  1.335e+03
 3.0385e+05  2.115e+08  3.234e+08  1.398e+08  1.173e+09  6.488e+02  2.972e+02  1.331e+02  5.511e+02  1.201e+01  1.717e+01  4.906e+00  9.318e+01  3.667e+01  5.296e+01  1.514e+01  2.862e+02
 3.0385e+05  2.744e+07  5.973e+07  2.858e+07  1.555e+08  4.650e+02  2.328e+02  1.395e+02  4.205e+02  4.521e+00  8.012e+01  5.871e+00  2.890e+02  1.382e+01  2.461e+02  1.806e+01  8.926e+02
 3.0386e+05  4.756e+07  7.853e+07  4.974e+07  2.466e+08  4.705e+02  3.219e+02  1.881e+02  5.519e+02  1.145e+01  1.255e+01  5.560e+00  7.306e+01  3.500e+01  3.847e+01  1.718e+01  2.250e+02
 3.0386e+05  3.926e+08  1.042e+09  3.138e+08  3.049e+09  6.390e+02  2.165e+02  8.546e+01  5.175e+02  3.267e+02  2.366e+02  1.319e+02  4.129e+02  9.953e+02  7.268e+02  4.094e+02  1.267e+03
 3.0386e+05  8.180e+07  9.751e+07  3.913e+07  3.622e+08  1.111e+02  2.110e+02  1.098e+02  4.089e+02  2.933e+02  1.970e+02  1.711e+01  4.605e+02  9.065e+02  6.111e+02  5.279e+01  1.418e+03
 3.0386e+05  8.012e+08  2.779e+08  6.500e+07  7.465e+08  7.816e+01  1.751e+02  9.006e+01  3.833e+02  7.951e+01  9.554e+01  7.682e+00  3.016e+02  2.483e+02  2.961e+02  2.365e+01  9.310e+02
 3.0386e+05  1.529e+08  1.997e+08  7.559e+07  5.785e+08  1.949e+02  2.288e+02  1.329e+02  4.073e+02  2.736e+02  9.402e+01  6.569e+00  3.164e+02  8.505e+02  2.892e+02  2.024e+01  9.749e+02
 3.0387e+05  5.973e+07  2.392e+08  6.609e+07  9.303e+08  2.905e+02  1.805e+02  9.302e+01  3.497e+02  6.041e+02  1.785e+02  1.865e+01  4.786e+02  1.868e+03  5.531e+02  5.763e+01  1.475e+03
 3.0387e+05  5.073e+08  2.953e+08  8.547e+07  8.806e+08  2.047e+02  2.044e+02  9.426e+01  4.732e+02  3.769e+00  6.598e+01  6.208e+00  2.367e+02  1.168e+01  2.042e+02  1.913e+01  7.318e+02
 3.0387e+05  1.989e+09  7.047e+08  1.214e+08  1.768e+09  8.719e+01  1.403e+02  7.624e+01  3.596e+02  1.623e+02  2.107e+02  8.978e+01  5.501e+02  5.049e+02  6.546e+02  2.780e+02  1.688e+03
 3.0387e+05  9.929e+09  3.711e+09  5.473e+08  1.033e+10  7.415e+01  1.415e+02  7.901e+01  4.614e+02  1.784e+02  3.264e+02  1.531e+02  9.287e+02  5.547e+02  1.013e+03  4.779e+02  2.858e+03
 3.0388e+05  1.694e+07  5.124e+07  1.983e+07  1.621e+08  5.005e+02  2.640e+02  1.370e+02  4.936e+02  8.366e+00  3.436e+01  5.465e+00  1.886e+02  2.565e+01  1.062e+02  1.686e+01  5.817e+02
 3.0388e+05  1.840e+08  4.045e+08  1.906e+08  1.804e+09  5.391e+02  3.003e+02  1.241e+02  5.505e+02  1.472e+02  2.993e+01  5.143e+00  1.149e+02  4.503e+02  9.285e+01  1.591e+01  3.531e+02
 3.0388e+05  1.037e+08  1.290e+08  6.695e+07  3.002e+08  1.867e+02  2.066e+02  1.339e+02  3.299e+02  3.841e+02  3.370e+02  2.154e+02  4.766e+02  1.191e+03  1.038e+03  6.639e+02  1.462e+03
 3.0388e+05  2.647e+07  3.504e+07  1.848e+07  6.476e+07  2.862e+02  2.806e+02  1.876e+02  4.691e+02  5.025e+00  9.077e+00  4.871e+00  6.066e+01  1.549e+01  2.783e+01  1.509e+01  1.870e+02
 3.0389e+05  1.492e+08  3.054e+08  1.619e+08  1.445e+09  5.271e+02  3.583e+02  1.457e+02  6.018e+02  1.375e+02  3.527e+01  6.696e+00  1.334e+02  4.236e+02  1.095e+02  2.074e+01  4.065e+02
 3.0389e+05  2.390e+07  4.636e+07  2.604e+07  1.935e+08  3.907e+02  2.539e+02  1.282e+02  4.387e+02  1.099e+03  4.809e+02  2.097e+02  8.673e+02  3.463e+03  1.481e+03  6.496e+02  2.671e+03
 3.0389e+05  5.594e+07  7.117e+07  3.071e+07  1.689e+08  1.949e+02  2.219e+02  1.339e+02  3.559e+02  2.736e+02  1.630e+02  6.803e+00  3.763e+02  8.505e+02  5.051e+02  2.094e+01  1.160e+03
 3.0389e+05  3.861e+07  5.069e+07  2.049e+07  1.389e+08  2.304e+02  2.328e+02  1.389e+02  4.051e+02  4.211e+00  5.921e+01  5.708e+00  2.784e+02  1.301e+01  1.825e+02  1.764e+01  8.596e+02
 3.0389e+05  7.083e+08  8.421e+08  4.272e+08  1.765e+09  1.602e+02  1.632e+02  1.197e+02  3.247e+02  4.281e+02  4.164e+02  3.130e+02  5.791e+02  1.341e+03  1.293e+03  9.685e+02  1.777e+03
 3.0389e+05  1.014e+08  9.862e+08  1.105e+08  1.943e+09  5.321e+02  1.196e+02  6.801e+01  3.612e+02  6.179e+02  2.010e+02  1.032e+02  5.494e+02  1.850e+03  6.249e+02  3.213e+02  1.684e+03
 3.0390e+05  1.460e+07  3.889e+07  1.623e+07  1.106e+08  4.650e+02  2.296e+02  1.326e+02  4.235e+02  4.521e+00  9.234e+01  6.149e+00  3.180e+02  1.382e+01  2.842e+02  1.892e+01  9.805e+02
 3.0390e+05  4.310e+07  1.756e+08  5.745e+07  5.571e+08  6.193e+02  2.428e+02  1.130e+02  5.062e+02  1.887e+02  3.019e+01  5.044e+00  1.340e+02  5.767e+02  9.364e+01  1.552e+01  4.129e+02
 3.0391e+05  2.830e+09  1.936e+09  4.766e+08  2.961e+09  9.083e+01  9.432e+01  5.991e+01  1.856e+02  2.113e+01  1.032e+02  1.763e+01  2.172e+02  6.593e+01  3.215e+02  5.485e+01  6.737e+02
 3.0391e+05  2.880e+07  1.074e+08  3.482e+07  4.391e+08  2.626e+02  2.028e+02  9.728e+01  4.118e+02  5.946e+02  2.015e+02  2.324e+01  5.268e+02  1.831e+03  6.241e+02  7.174e+01  1.624e+03
 3.0391e+05  6.746e+07  3.003e+08  7.398e+07  9.632e+08  5.794e+02  1.971e+02  9.128e+01  4.543e+02  6.341e+02  1.800e+02  2.757e+01  4.794e+02  1.909e+03  5.579e+02  8.550e+01  1.476e+03
 3.0391e+05  6.705e+07  2.477e+08  7.040e+07  1.032e+09  3.873e+02  2.023e+02  9.290e+01  4.478e+02  5.279e+02  1.504e+02  1.060e+01  4.525e+02  1.624e+03  4.654e+02  3.246e+01  1.393e+03
 4.0398e+05  4.269e+08  3.576e+08  8.997e+07  1.007e+09  7.189e+01  1.599e+02  8.510e+01  3.223e+02  2.016e+02  1.950e+02  4.410e+01  4.435e+02  6.280e+02  6.054e+02  1.363e+02  1.366e+03
 4.0404e+05  5.590e+07  8.515e+07  3.415e+07  3.357e+08  2.303e+02  2.336e+02  1.179e+02  4.595e+02  5.300e+00  5.717e+01  5.954e+00  2.714e+02  1.638e+01  1.763e+02  1.834e+01  8.384e+02
 4.0404e+05  1.338e+08  1.808e+08  1.310e+08  2.126e+08  6.094e+02  5.742e+02  3.902e+02  6.263e+02  2.180e+01  2.037e+01  1.230e+01  1.230e+02  6.665e+01  6.228e+01  3.768e+01  3.763e+02
 4.0404e+05  1.054e+08  3.244e+08  9.370e+07  1.452e+09  3.723e+02  1.883e+02  8.936e+01  3.949e+02  7.959e+02  2.934e+02  1.000e+02  6.801e+02  2.426e+03  9.072e+02  3.105e+02  2.087e+03
 4.0404e+05  2.376e+07  8.686e+07  3.650e+07  3.496e+08  4.748e+02  2.465e+02  1.190e+02  4.970e+02  1.109e+01  4.599e+01  5.904e+00  2.234e+02  3.393e+01  1.419e+02  1.822e+01  6.906e+02
 4.0409e+05  1.114e+08  4.519e+08  9.810e+07  1.100e+09  6.211e+02  1.719e+02  8.620e+01  4.091e+02  2.685e+02  1.508e+02  2.655e+01  3.627e+02  8.225e+02  4.675e+02  8.229e+01  1.118e+03
 4.0409e+05  9.577e+07  7.971e+08  1.375e+08  2.314e+09  5.222e+02  1.600e+02  8.338e+01  3.537e+02  1.063e+03  2.094e+02  6.112e+01  5.403e+02  3.230e+03  6.498e+02  1.904e+02  1.662e+03
 4.0409e+05  6.206e+07  7.709e+07  3.930e+07  1.819e+08  1.899e+02  2.109e+02  1.366e+02  3.460e+02  3.766e+02  2.970e+02  1.501e+02  4.522e+02  1.167e+03  9.182e+02  4.661e+02  1.394e+03
 4.0409e+05  2.598e+07  5.242e+07  2.648e+07  1.481e+08  5.896e+02  2.435e+02  1.442e+02  4.548e+02  5.896e+00  7.107e+01  5.967e+00  3.082e+02  1.802e+01  2.189e+02  1.834e+01  9.489e+02
 4.0409e+05  1.108e+09  3.555e+08  7.357e+07  8.439e+08  1.076e+02  1.594e+02  8.750e+01  4.335e+02  1.667e+00  8.526e+01  7.782e+00  2.509e+02  5.136e+00  2.636e+02  2.399e+01  7.753e+02
 4.0410e+05  4.011e+07  8.314e+07  4.020e+07  3.081e+08  4.341e+02  2.294e+02  1.161e+02  4.162e+02  8.264e+02  3.733e+02  1.342e+02  7.224e+02  2.563e+03  1.154e+03  4.160e+02  2.210e+03
 4.0410e+05  2.211e+07  7.236e+07  2.964e+07  3.629e+08  3.246e+02  2.144e+02  1.026e+02  4.134e+02  8.700e+02  3.393e+02  1.134e+02  7.229e+02  2.752e+03  1.049e+03  3.514e+02  2.215e+03
 4.0410e+05  4.551e+07  7.472e+07  2.617e+07  2.651e+08  1.912e+02  1.909e+02  1.039e+02  3.425e+02  3.394e+02  1.912e+02  1.699e+01  4.552e+02  1.054e+03  5.929e+02  5.257e+01  1.405e+03
 4.0410e+05  8.766e+07  2.102e+08  8.355e+07  6.616e+08  2.421e+02  1.932e+02  1.079e+02  3.331e+02  6.042e+02  3.502e+02  1.902e+02  5.576e+02  1.889e+03  1.084e+03  5.895e+02  1.718e+03
 4.0410e+05  2.474e+07  7.431e+07  2.361e+07  3.173e+08  6.173e+02  2.312e+02  1.061e+02  4.811e+02  1.778e+01  8.362e+01  7.286e+00  3.378e+02  5.430e+01  2.581e+02  2.246e+01  1.042e+03
 4.0411e+05  8.491e+08  5.089e+08  1.248e+08  1.502e+09  8.842e+01  1.558e+02  7.874e+01  3.286e+02  2.360e+02  2.937e+02  1.511e+02  5.530e+02  7.364e+02  9.079e+02  4.691e+02  1.704e+03
 4.0411e+05  3.238e+07  6.199e+07  2.533e+07  2.523e+08  6.253e+02  2.477e+02  1.193e+02  4.992e+02  6.444e+00  5.431e+01  6.170e+00  2.566e+02  1.969e+01  1.673e+02  1.901e+01  7.905e+02
 4.0411e+05  6.636e+07  1.042e+08  4.121e+07  4.197e+08  2.299e+02  2.289e+02  1.177e+02  4.381e+02  5.300e+00  5.511e+01  5.725e+00  2.646e+02  1.638e+01  1.700e+02  1.767e+01  8.169e+02
 4.0412e+05  6.150e+07  1.151e+08  6.456e+07  6.331e+08  5.341e+02  2.482e+02  1.167e+02  4.253e+02  9.318e+02  5.243e+02  2.360e+02  8.815e+02  2.972e+03  1.619e+03  7.309e+02  2.708e+03
 5.0153e+04  1.057e+08  1.383e+08  6.285e+07  5.372e+08  3.927e+02  2.891e+02  1.310e+02  5.292e+02  7.112e+00  2.222e+01  5.637e+00  1.281e+02  2.189e+01  6.835e+01  1.742e+01  3.939e+02
 5.0154e+04  2.495e+07  5.776e+07  1.705e+07  2.328e+08  2.746e+02  2.255e+02  1.087e+02  4.534e+02  8.929e+00  7.433e+01  6.735e+00  3.184e+02  2.763e+01  2.297e+02  2.078e+01  9.823e+02
 5.0161e+04  2.169e+07  5.916e+07  2.349e+07  2.396e+08  4.135e+02  2.283e+02  1.103e+02  4.412e+02  5.690e+02  2.022e+02  1.494e+01  5.533e+02  1.732e+03  6.265e+02  4.580e+01  1.703e+03
 5.0164e+04  2.861e+07  8.612e+07  3.210e+07  3.726e+08  5.627e+02  2.159e+02  1.063e+02  4.133e+02  1.320e+03  2.319e+02  2.775e+01  6.091e+02  4.079e+03  7.175e+02  8.611e+01  1.871e+03
 5.0169e+04  9.554e+07  1.348e+08  5.179e+07  5.410e+08  5.985e+02  2.494e+02  1.131e+02  5.044e+02  5.910e+00  5.991e+01  6.556e+00  2.773e+02  1.802e+01  1.849e+02  2.016e+01  8.570e+02
 6.0283e+04  1.739e+08  1.936e+08  7.676e+07  7.390e+08  1.173e+02  2.044e+02  9.116e+01  4.496e+02  3.098e+02  1.422e+02  9.517e+00  4.070e+02  9.575e+02  4.405e+02  2.918e+01  1.257e+03
 6.0293e+04  1.215e+08  3.028e+08  8.099e+07  8.993e+08  2.428e+02  1.748e+02  9.409e+01  3.020e+02  5.069e+02  1.648e+02  1.622e+01  4.274e+02  1.556e+03  5.094e+02  5.049e+01  1.323e+03
 6.0294e+04  5.358e+07  8.966e+07  4.219e+07  3.337e+08  1.553e+02  2.073e+02  1.076e+02  3.815e+02  4.871e+02  3.479e+02  1.259e+02  6.752e+02  1.510e+03  1.075e+03  3.907e+02  2.077e+03
 7.0291e+04  2.128e+08  1.961e+08  1.156e+08  4.639e+08  2.046e+02  2.091e+02  1.230e+02  3.482e+02  5.554e+02  5.043e+02  3.130e+02  7.614e+02  1.724e+03  1.553e+03  9.682e+02  2.334e+03
 7.0304e+04  1.194e+08  9.745e+08  1.870e+08  2.050e+09  4.949e+02  1.509e+02  7.956e+01  3.616e+02  5.159e+02  1.507e+02  3.400e+01  3.691e+02  1.585e+03  4.666e+02  1.052e+02  1.140e+03
 7.0309e+04  4.080e+08  1.234e+09  5.538e+08  4.176e+09  5.473e+02  2.963e+02  1.383e+02  5.383e+02  1.504e+02  1.802e+01  5.041e+00  9.239e+01  4.589e+02  5.554e+01  1.556e+01  2.835e+02
 7.0318e+04  7.976e+07  1.511e+08  8.164e+07  4.204e+08  5.994e+02  3.748e+02  1.963e+02  5.908e+02  2.144e+01  1.714e+01  6.876e+00  9.249e+01  6.557e+01  5.244e+01  2.121e+01  2.840e+02
 7.0322e+04  8.241e+07  1.353e+08  8.295e+07  4.038e+08  3.717e+02  2.675e+02  1.476e+02  4.409e+02  1.013e+03  5.628e+02  3.089e+02  8.963e+02  3.071e+03  1.735e+03  9.563e+02  2.756e+03
 7.0323e+04  1.581e+08  2.903e+08  1.313e+08  1.337e+09  2.981e+02  2.282e+02  1.085e+02  4.206e+02  1.038e+03  4.213e+02  1.707e+02  8.055e+02  3.177e+03  1.298e+03  5.295e+02  2.472e+03
 7.0324e+04  2.072e+09  1.048e+09  2.800e+08  2.045e+09  3.938e+01  1.179e+02  5.478e+01  3.544e+02  9.571e+01  1.594e+02  6.325e+01  2.933e+02  2.981e+02  4.950e+02  1.941e+02  9.065e+02
 8.0618e+04  1.067e+07  1.562e+07  5.848e+06  4.828e+07  2.303e+02  2.317e+02  1.307e+02  4.229e+02  5.300e+00  4.851e+01  5.564e+00  2.482e+02  1.638e+01  1.501e+02  1.721e+01  7.671e+02
 8.0619e+04  7.009e+07  6.238e+07  2.434e+07  1.811e+08  1.523e+02  1.963e+02  1.165e+02  3.242e+02  2.673e+02  1.491e+02  9.426e+00  3.539e+02  8.281e+02  4.640e+02  2.896e+01  1.093e+03
 8.0647e+04  8.574e+06  2.523e+07  1.048e+07  1.003e+08  3.861e+02  2.278e+02  1.104e+02  4.470e+02  5.762e+02  1.906e+02  1.229e+01  5.171e+02  1.777e+03  5.910e+02  3.768e+01  1.594e+03
 8.0651e+04  1.944e+07  2.903e+07  1.161e+07  9.046e+07  2.428e+02  2.126e+02  1.204e+02  3.460e+02  5.069e+02  1.568e+02  8.850e+00  4.226e+02  1.556e+03  4.846e+02  2.725e+01  1.305e+03
 8.0667e+04  1.107e+07  1.611e+07  6.073e+06  4.985e+07  2.304e+02  2.364e+02  1.314e+02  4.470e+02  4.211e+00  4.771e+01  5.573e+00  2.479e+02  1.301e+01  1.472e+02  1.723e+01  7.650e+02
 8.0674e+04  1.177e+09  8.446e+08  1.991e+08  1.511e+09  8.705e+01  1.371e+02  8.018e+01  2.952e+02  1.223e+02  1.523e+02  6.176e+01  3.082e+02  3.819e+02  4.728e+02  1.910e+02  9.504e+02
 8.0675e+04  4.919e+06  1.873e+07  5.875e+06  8.436e+07  5.627e+02  2.234e+02  1.047e+02  4.494e+02  1.320e+03  1.568e+02  1.187e+01  5.304e+02  4.079e+03  4.854e+02  3.650e+01  1.631e+03
 8.0676e+04  5.130e+08  4.333e+08  1.273e+08  8.576e+08  8.767e+01  1.352e+02  7.504e+01  2.748e+02  1.744e+02  1.771e+02  8.910e+01  3.255e+02  5.426e+02  5.496e+02  2.770e+02  1.003e+03
 8.0679e+04  5.501e+07  7.202e+07  3.508e+07  1.821e+08  1.881e+02  2.094e+02  1.329e+02  3.524e+02  3.782e+02  3.228e+02  1.819e+02  4.815e+02  1.172e+03  9.914e+02  5.613e+02  1.486e+03
 8.0680e+04  4.474e+07  4.474e+07  1.880e+07  1.241e+08  1.419e+02  2.300e+02  1.301e+02  4.253e+02  2.945e+02  1.518e+02  7.351e+00  3.766e+02  9.178e+02  4.707e+02  2.256e+01  1.163e+03
 8.0682e+04  2.727e+08  2.904e+08  7.421e+07  7.088e+08  1.857e+02  1.622e+02  8.651e+01  3.496e+02  1.377e+02  1.010e+02  8.196e+00  2.773e+02  4.263e+02  3.125e+02  2.515e+01  8.571e+02
 8.0683e+04  1.456e+07  2.321e+07  9.081e+06  9.457e+07  2.303e+02  2.259e+02  1.163e+02  4.072e+02  5.300e+00  5.216e+01  5.641e+00  2.466e+02  1.638e+01  1.606e+02  1.737e+01  7.620e+02
 8.0688e+04  2.270e+07  1.161e+08  2.882e+07  4.587e+08  6.111e+02  1.863e+02  9.090e+01  4.111e+02  7.312e+02  1.443e+02  1.545e+01  4.531e+02  2.286e+03  4.473e+02  4.777e+01  1.395e+03
 8.0689e+04  2.024e+08  8.440e+07  2.025e+07  2.787e+08  8.815e+01  1.861e+02  9.266e+01  3.789e+02  1.482e+02  1.544e+02  1.500e+01  4.454e+02  4.613e+02  4.791e+02  4.642e+01  1.374e+03
 8.0690e+04  1.690e+07  1.794e+07  6.081e+06  1.058e+08  4.546e+02  2.137e+02  9.276e+01  4.537e+02  8.657e+02  2.142e+02  2.684e+01  6.730e+02  2.685e+03  6.637e+02  8.324e+01  2.067e+03
 8.0691e+04  5.588e+07  6.622e+07  2.882e+07  1.656e+08  1.659e+02  1.932e+02  1.250e+02  2.903e+02  4.219e+02  3.011e+02  1.281e+02  4.937e+02  1.288e+03  9.313e+02  3.961e+02  1.525e+03
